<?xml version="1.0" encoding="UTF-8"?><kml xmlns="http://www.opengis.net/kml/2.2" xmlns:gx="http://www.google.com/kml/ext/2.2" xmlns:kml="http://www.opengis.net/kml/2.2" xmlns:atom="http://www.w3.org/2005/Atom">
		<Document>
			<name>LE_VALLADOLID</name><Style id="transGreenPoly">
			 	 <LineStyle>
					<width>1.5</width>
				 </LineStyle>
			 	<PolyStyle>
					<color>. $rgb .</color>
				</PolyStyle>
		  	</Style>
	
			<Style id="downArrowIcon">
				<IconStyle>
					<Icon>
						<href>http://maps.google.com/mapfiles/kml/pal4/icon28.png</href>
					</Icon>
				</IconStyle>
			</Style>
	
			<Placemark>
				<name>LE_VALLADOLID</name><styleUrl>#transGreenPoly</styleUrl>
				<Polygon>
					<extrude>1</extrude>
					<altitudeMode>[@altitudeMode]</altitudeMode>
					<outerBoundaryIs>
						<LinearRing>
							<coordinates>
							</coordinates>
						</LinearRing>
					</outerBoundaryIs>
				</Polygon>
			</Placemark>
	
			<Placemark>
				<name>LE_VALLADOLID</name><description>Floats a defined distance above the ground.</description><styleUrl>#downArrowIcon</styleUrl>
				<Point>
					<altitudeMode>[@altitudeMode]</altitudeMode>
					<coordinates>-4.853575,43.390685582655,3048
43.404617710611,-4.8126171252268,3048
43.212252197441,-4.7811058217489,3048
43.307497791602,-4.7377861332666,3048
43.305671775679,-4.6992556085254,3048
43.302558404389,-4.6608760168403,3048
43.279092309741,-4.6255432084956,3048
43.390461875438,-4.5678640207686,3048
43.423907482262,-4.5198720225227,3048
43.437247432517,-4.4744821363307,3048
43.441891149107,-4.4303400873087,3048
43.432832522665,-4.3894586596408,3048
43.409914759246,-4.3529099515271,3048
43.434618846781,-4.3016315452992,3048
43.417506711611,-4.2634743439279,3048
43.409289926536,-4.2224381623316,3048
43.393883126482,-4.1843295244998,3048
43.393698666531,-4.1399877513823,3048
43.382429204448,-4.1002646326046,3048
43.342910465616,-4.0744098466999,3048
43.361847560816,-4.0200390077225,3048
43.356367119417,-3.9772851319781,3048
43.345191422645,-3.9374638914826,3048
43.335152898469,-3.8969218645896,3048
43.325667812379,-3.8558962544218,3048
43.315378821761,-3.815201678283,3048
43.288944895716,-3.7854889437925,3048
43.2328754531,-3.7779395489178,3048
43.245879408945,-3.7209843589132,3048
43.244783598634,-3.6733386479228,3048
43.161170869221,-3.6922695385337,3048
43.14653712581,-3.6570215966436,3048
43.210054398264,-3.5525152701207,3048
43.204388851681,-3.5061230619783,3048
43.184691408231,-3.4723400345775,3048
43.159923532571,-3.4437319390452,3048
43.141102147509,-3.4094721907078,3048
43.119868618642,-3.3778047742836,3048
43.091664425497,-3.3540381292332,3048
43.095499773582,-3.2941151928994,3048
43.070342626056,-3.2667844257192,3048
43.057754545758,-3.2243068537519,3048
43.029063019962,-3.2017090211634,3048
43.019616659625,-3.1542314727294,3048
43.001451669912,-3.117559640562,3048
42.982031860049,-3.0822536784674,3048
42.958807884111,-3.0522064453827,3048
42.928684191249,-3.032695413676,3048
42.904772809487,-3.0040459216443,3048
42.880823885548,-2.9754478521053,3048
42.881350819066,-2.9051192757243,3048
42.831289051898,-2.9209397212265,3048
42.845001897763,-2.8231479871821,3048
42.827085315286,-2.7800655646094,3048
42.80079197667,-2.7522609052215,3048
42.772465392331,-2.7284799577747,3048
42.736551569277,-2.720987446101,3048
42.702660892711,-2.7103537659364,3048
42.675421506853,-2.6854361945149,3048
42.644209734359,-2.6698757068524,3048
42.615715330597,-2.6480703767777,3048
42.591292814759,-2.6156004945841,3048
42.563098284922,-2.5923587248433,3048
42.521839317965,-2.6060232152735,3048
42.49004206935,-2.5945662806053,3048
42.433303601415,-2.6614847122026,3048
42.395495970507,-2.674818304779,3048
42.393712043327,-2.5674341636378,3048
42.373509174184,-2.5167830025898,3048
42.343661598949,-2.4991341020536,3048
42.30149750057,-2.5311171055259,3048
42.271326033095,-2.5170947988686,3048
42.240431559635,-2.5062479511824,3048
42.209755334953,-2.4945228423661,3048
42.17530301967,-2.5025770569259,3048
42.144571158737,-2.4925136815839,3048
42.112438418884,-2.4910038721997,3048
42.080595312196,-2.4889450424133,3048
42.049155369522,-2.4851846119714,3048
42.018467307276,-2.4761678675059,3048
41.988019783314,-2.4644545384465,3048
41.956878006891,-2.4584133755561,3048
41.925657537011,-2.4531320326994,3048
41.894368881726,-2.4486111857026,3048
41.863580201701,-2.4351014934736,3048
41.83206059309,-2.4320759336968,3048
41.799804031481,-2.4522709726392,3048
41.768253546061,-2.4649528993178,3048
41.737056636679,-2.4779627225493,3048
41.706132048431,-2.4812576478737,3048
41.675165868777,-2.4788904109991,3048
41.644303180523,-2.4823209482533,3048
41.612954611335,-2.4744795464893,3048
41.581681909405,-2.4724752586189,3048
41.554428717165,-2.5275270797421,3048
41.524151133695,-2.5317929155817,3048
41.493933072999,-2.5367555891882,3048
41.454755032986,-2.4623814299963,3048
41.423663451136,-2.4691549757262,3048
41.397955014659,-2.5144447728572,3048
41.367541550387,-2.52242316183,3048
41.325082210425,-2.4584648196934,3048
41.294001934233,-2.4684320442261,3048
41.262484476746,-2.4761613531471,3048
41.229768820361,-2.4785676104508,3048
41.206743091736,-2.5254398629763,3048
41.182379434775,-2.5625302442359,3048
41.152175480868,-2.573643071654,3048
41.121601184803,-2.583591385043,3048
41.090687122501,-2.5927432941328,3048
41.050482762589,-2.5711617835539,3048
41.039417270964,-2.6465205917448,3048
41.05191408105,-2.7886130463294,3048
41.003389582233,-2.7407908970602,3048
40.972797252829,-2.7487819110723,3048
40.985012070533,-2.8720308354158,3048
41.016150193782,-3.0354482438221,3048
40.942841100452,-2.9291872754817,3048
40.961539903064,-3.0506173517987,3048
40.90590412682,-2.9949149670691,3048
40.837655354261,-2.917628543511,3048
40.776200726856,-2.8621454585056,3048
40.807624718517,-2.9993295656468,3048
40.761552965153,-2.9776970623166,3048
40.728998931299,-2.9844963064079,3048
40.71598702684,-3.027628251716,3048
40.72860332377,-3.1139575017806,3048
40.703695185652,-3.1328510375477,3048
40.722883325086,-3.2236146500311,3048
40.743990302205,-3.3128684376798,3048
40.725076642465,-3.3368791300947,3048
40.688442607652,-3.3348272441559,3048
40.655169923758,-3.3392601075256,3048
40.717947897727,-3.4763919831478,3048
40.704163508258,-3.50469242468,3048
40.678296754348,-3.5171857137825,3048
40.586371893851,-3.4489805341346,3048
40.605869196344,-3.5197431493115,3048
40.584829477606,-3.5408508363843,3048
40.561892067678,-3.5601611120709,3048
40.540780985005,-3.5818973811209,3048
40.623748235413,-3.7118459719053,3048
40.570634256652,-3.6984204561638,3048
40.483624286879,-3.6551224434846,3048
40.50370859767,-3.7163272495596,3048
40.35684037194,-3.6258783407555,3048
40.416200394781,-3.7215970416509,3048
40.481293228835,-3.8174546726525,3048
40.403043096295,-3.7937490628491,3048
40.329606406735,-3.7778310600809,3048
40.345615963738,-3.8314302214327,3048
40.217281235421,-3.7812859007471,3048
40.066731652715,-3.7231109494918,3048
40.134401506612,-3.8137073082112,3048
40.114602194921,-3.8456690110381,3048
40.117714218695,-3.8915564130971,3048
40.048716043696,-3.8958388791395,3048
40.083580487387,-3.9590664524262,3048
40.00954963112,-3.9640281164119,3048
39.981296533894,-3.9945051662847,3048
39.988921730467,-4.0423906551535,3048
39.975321129256,-4.0800957355435,3048
39.960646950047,-4.1175272297047,3048
40.021087337876,-4.1843384505721,3048
40.017731420356,-4.2245863685637,3048
39.905986694816,-4.2277558549614,3048
39.896769119184,-4.2682620076489,3048
39.875591091473,-4.3053420379098,3048
39.86840282422,-4.346836199248,3048
39.860418961524,-4.388157566042,3048
39.854351012864,-4.4299908667454,3048
39.849012291182,-4.471991949043,3048
39.853806422464,-4.5158095175503,3048
39.840980847494,-4.5564708599333,3048
39.839854391434,-4.5990883013912,3048
39.837919893292,-4.6415163485705,3048
39.824659405782,-4.6829031964979,3048
39.82934476316,-4.7259692832266,3048
39.885295662407,-4.7710214918591,3048
39.911001472584,-4.812879509562,3048
40.006510508097,-4.853575,3048
40.00901916462,-4.8920961906389,3048
39.97693215524,-4.9320653055687,3048
39.903008704708,-4.9762882773465,3048
39.936159504523,-5.0143624191183,3048
39.971526930376,-5.0508054262242,3048
39.908130370744,-5.0989674762924,3048
39.960585812833,-5.1320554474188,3048
40.162068508671,-5.136232011617,3048
40.099094579023,-5.1848315866981,3048
39.992280279542,-5.2463091555214,3048
39.89551504921,-5.3103521250245,3048
39.935317743797,-5.3422902842239,3048
39.985259128734,-5.3697035176261,3048
39.995086390532,-5.4077977114861,3048
39.916354984736,-5.4758751417765,3048
39.920768303502,-5.5178340776266,3048
39.929493363362,-5.558331332204,3048
39.938748529333,-5.5986380464092,3048
39.948136033677,-5.6389149582998,3048
39.956603030609,-5.6796640284659,3048
39.964489836135,-5.7208163324098,3048
39.976995646437,-5.7597851788606,3048
39.989386430925,-5.7987868735226,3048
40.001703175033,-5.8378335562676,3048
40.050588545423,-5.855312676485,3048
40.029067952879,-5.9143712855982,3048
40.042937560902,-5.95252904114,3048
40.057310283937,-5.9903812357244,3048
40.072182328017,-6.0279162725689,3048
40.086851251064,-6.0656329791012,3048
40.102161936594,-6.102936461445,3048
40.121001400077,-6.1375168090021,3048
40.137970146189,-6.1735139927707,3048
40.149929975177,-6.2138084968886,3048
40.166611606889,-6.2502996740919,3048
40.184428055763,-6.2858573543593,3048
40.206350419768,-6.3175700298359,3048
40.216197693096,-6.3610199931095,3048
40.235689873709,-6.3953032779395,3048
40.256033005003,-6.4287381229801,3048
40.276203446997,-6.4623862611965,3048
40.301825092291,-6.489908930473,3048
40.323641416645,-6.5215799970087,3048
40.345564104173,-6.5531250732592,3048
40.36803172994,-6.5840118823389,3048
40.386510446732,-6.6201242591024,3048
40.405433472487,-6.6560551722391,3048
40.422866711972,-6.6945051914014,3048
40.446870027147,-6.7240881888776,3048
40.471403933337,-6.7529236234919,3048
40.496314158761,-6.7812078959968,3048
40.522278386554,-6.8078303291311,3048
40.54708176924,-6.8363404445068,3048
40.570615464594,-6.8671756946933,3048
40.597118183323,-6.8930419551361,3048
40.625974723749,-6.9145570787836,3048
40.650976289983,-6.9432366264481,3048
40.678378643638,-6.9674432645455,3048
40.708690987893,-6.9856336785801,3048
40.736665260239,-7.008480085662,3048
40.76493642266,-7.0306863016117,3048
40.793412646327,-7.0524392960691,3048
40.822211838077,-7.0734473516019,3048
40.850079411458,-7.0968576583824,3048
40.88190128076,-7.1100776341274,3048
40.910433727881,-7.1318691601459,3048
40.940870893309,-7.148426850377,3048
40.971517267431,-7.1642121728578,3048
41.00265052988,-7.1782937800271,3048
41.03684343241,-7.1818418787538,3048
41.065218570205,-7.2046529892714,3048
41.093761763257,-7.227689512217,3048
41.124970057324,-7.241193593702,3048
41.156206307418,-7.2545413067903,3048
41.18773567523,-7.2666117765744,3048
41.219405058306,-7.277970308809,3048
41.251486314847,-7.2871802174583,3048
41.284689651359,-7.2899565996185,3048
41.316534550954,-7.2995840767646,3048
41.348428405561,-7.3089222708136,3048
41.379593327365,-7.3235483000883,3048
41.412631556702,-7.3248732174544,3048
41.444855018318,-7.3319405609989,3048
41.477169459218,-7.3382452700589,3048
41.509564487324,-7.3437836253406,3048
41.542849925027,-7.3374814780883,3048
41.575231053781,-7.3414433799627,3048
41.607660452446,-7.3446365777404,3048
41.640127669732,-7.3470586901952,3048
41.67262220498,-7.3487081545743,3048
41.705162214402,-7.3462487923384,3048
41.737654917941,-7.3505251709603,3048
41.770186917922,-7.3502855271121,3048
41.802663043582,-7.347543883713,3048
41.835154044676,-7.3457197440966,3048
41.867620231193,-7.3431239074477,3048
41.898163166553,-7.3126766071837,3048
41.930200978068,-7.3086233867584,3048
41.963202330502,-7.3143947485069,3048
41.992941578987,-7.2875875973648,3048
42.025862847321,-7.2911601031504,3048
42.059860082861,-7.3005741274608,3048
42.090916101625,-7.2871879338425,3048
42.122856196721,-7.280021718441,3048
42.154734904468,-7.2721667264131,3048
42.184574845953,-7.2532602309633,3048
42.215714678877,-7.2418124042378,3048
42.246694901107,-7.2296109150668,3048
42.277505735937,-7.2166601033015,3048
42.308137255614,-7.2029634787807,3048
42.337454357006,-7.1842113187859,3048
42.359083021362,-7.1380132306229,3048
42.397281721742,-7.1520089937471,3048
42.420797461151,-7.115007782556,3048
42.443020127962,-7.0759145257174,3048
42.464495394445,-7.0366180307077,3048
42.50134922761,-7.0428822087171,3048
42.535456676109,-7.0395632787504,3048
42.563572067534,-7.0193027782577,3048
42.53420175546,-6.8559556542519,3048
42.619126179616,-6.9771465076618,3048
42.646329012105,-6.9547299822712,3048
42.668258014432,-6.9206803808394,3048
42.689005012071,-6.8849828634196,3048
42.70889011205,-6.8484579664231,3048
42.734725525111,-6.8245859108476,3048
42.753763838658,-6.7877962039192,3048
42.778812542622,-6.7628443192342,3048
42.791143233864,-6.7154663606334,3048
42.828098622754,-6.7114225918639,3048
42.845350757132,-6.6735248446658,3048
42.862004006475,-6.635431457082,3048
42.885277608407,-6.608166511166,3048
42.918778613283,-6.5959103336129,3048
42.967295119371,-6.603903058697,3048
42.989904457357,-6.573711897826,3048
43.012117518279,-6.542964864791,3048
43.026428006508,-6.5020664727054,3048
43.038738567224,-6.4593389344377,3048
43.06012949096,-6.4281851961426,3048
43.063698439102,-6.3764503257821,3048
43.083493307693,-6.3440489489417,3048
43.110827134267,-6.3196710124849,3048
43.138514911283,-6.2950085359012,3048
43.166402648529,-6.2698607126356,3048
43.184665649756,-6.2347852916799,3048
43.202475367775,-6.1992623682087,3048
43.219668229475,-6.1631625553367,3048
43.227681675965,-6.1192146959672,3048
43.235406215805,-6.075595831221,3048
43.25148188438,-6.0390776856772,3048
43.275154992896,-6.0082406787466,3048
43.290392291492,-5.9707479584548,3048
43.312323405927,-5.9378366624012,3048
43.325928397335,-5.8989282768386,3048
43.32637455726,-5.8517000704608,3048
43.351950185541,-5.8203429889051,3048
43.358705767394,-5.7774307799211,3048
43.35356132118,-5.7283376894145,3048
43.381189495942,-5.6970948472907,3048
43.398202186547,-5.6597288901422,3048
43.395580646296,-5.61294467429,3048
43.398600120547,-5.5692869504579,3048
43.417696487254,-5.5325023242188,3048
43.415282042341,-5.4869882068273,3048
43.401548382572,-5.4380365640571,3048
43.409863337043,-5.3974169550787,3048
43.426900480478,-5.3593560566853,3048
43.443669779397,-5.3206777103105,3048
43.452942309524,-5.2795727092099,3048
43.452193572907,-5.2360233021282,3048
43.439353441393,-5.190353142921,3048
43.453231409404,-5.1501989840213,3048
43.465278716715,-5.1092669975237,3048
43.463255426614,-5.0661514072757,3048
43.480164198511,-5.0251500498697,3048
43.47231418014,-4.9815773084534,3048
43.473694595355,-4.9389329782094,3048
43.477291178681,-4.8963294326045,3048

</coordinates>
				</Point>
			</Placemark>
 		</Document>
	</kml>