<?xml version="1.0" encoding="UTF-8"?><kml xmlns="http://www.opengis.net/kml/2.2" xmlns:gx="http://www.google.com/kml/ext/2.2" xmlns:kml="http://www.opengis.net/kml/2.2" xmlns:atom="http://www.w3.org/2005/Atom">
	
	<Document>
			
	<name>LE_BEGAS</name>
			
	<Style id="transGreenPoly">
		<LineStyle>
			<width>1.5</width>
		</LineStyle>
		<PolyStyle>
			<color>7d00ff00</color>
		</PolyStyle>
	</Style>
	
	<Placemark>
			
	<name>LE_BEGAS</name>
			
	<styleUrl>#transGreenPoly</styleUrl>
		<MultiGeometry>
			<Polygon>
				<extrude>1</extrude>
					<altitudeMode>Tierra</altitudeMode><outerBoundaryIs>
		<LinearRing>
			<coordinates>3.5976527358904,40.325909172811,304.80370641307
3.586523681932,40.317743963929,304.80370641307
3.5863155647179,40.309418448968,304.80370641307
3.5753973601357,40.309577656725,304.80370641307
3.5646845123121,40.318061396426,304.80370641307
3.5539689777643,40.326544151853,304.80370641307
3.543047909819,40.326700295574,304.80370641307
3.5323282812126,40.335181053617,304.80370641307
3.5216059633378,40.343660825921,304.80370641307
3.5108809550211,40.352139611943,304.80370641307
3.4999556182196,40.352291675818,304.80370641307
3.4892265118284,40.360768461126,304.80370641307
3.4784947124511,40.369244258687,304.80370641307
3.4673728783328,40.361067437383,304.80370641307
3.456253780251,40.352889520826,304.80370641307
3.4451374171246,40.344710509594,304.80370641307
3.4558695708377,40.336237833385,304.80370641307
3.4667923904797,40.336089986882,304.80370641307
3.4775204495258,40.327615308365,304.80370641307
3.4664057468631,40.319438350123,304.80370641307
3.4552937753175,40.311260297651,304.80370641307
3.4660193815566,40.302786710893,304.80370641307
3.4767423011786,40.294312136826,304.80370641307
3.4874625353518,40.285836575993,304.80370641307
3.498180085241,40.277360028938,304.80370641307
3.5088949520142,40.268882496205,304.80370641307
3.5196071368366,40.260403978337,304.80370641307
3.5194076494966,40.252078289947,304.80370641307
3.5083005434067,40.243905348778,304.80370641307
3.5081025496794,40.235579631669,304.80370641307
3.496999587167,40.227405568768,304.80370641307
3.4858993452807,40.219230412768,304.80370641307
3.4748018229469,40.211054164245,304.80370641307
3.4637070190921,40.202876823772,304.80370641307
3.4526149326443,40.194698391924,304.80370641307
3.4415255625307,40.186518869275,304.80370641307
3.4304389076786,40.178338256397,304.80370641307
3.4302509072915,40.170012347991,304.80370641307
3.4191683801791,40.161830619036,304.80370641307
3.4080885652089,40.153647801202,304.80370641307
3.3970114613111,40.14546389506,304.80370641307
3.3859370674134,40.137278901184,304.80370641307
3.3748653824445,40.129092820144,304.80370641307
3.363796405333,40.120905652513,304.80370641307
3.3529082609767,40.121043487977,304.80370641307
3.3418432896233,40.112854173885,304.80370641307
3.3307810238863,40.104663774712,304.80370641307
3.3197214626938,40.09647229103,304.80370641307
3.3086646049746,40.088279723409,304.80370641307
3.2976104496585,40.080086072419,304.80370641307
3.286558995675,40.07189133863,304.80370641307
3.2755102419539,40.06369552261,304.80370641307
3.2644641874246,40.05549862493,304.80370641307
3.2535863905322,40.055626952658,304.80370641307
3.2425443326387,40.047427916572,304.80370641307
3.2315049716939,40.039227800332,304.80370641307
3.2204683066272,40.031026604506,304.80370641307
3.2094343363683,40.02282432966,304.80370641307
3.1985616931809,40.022947396502,304.80370641307
3.1875317151122,40.014742987542,304.80370641307
3.1765044296083,40.006537501067,304.80370641307
3.1654798355984,39.998330937643,304.80370641307
3.1546110491103,39.998449805276,304.80370641307
3.1435904440117,39.990241111088,304.80370641307
3.132572528162,39.982031341452,304.80370641307
3.1215573004911,39.973820496933,304.80370641307
3.1106923721906,39.973935169723,304.80370641307
3.0996811301468,39.965722197786,304.80370641307
3.0886725740349,39.957508152467,304.80370641307
3.0778102067385,39.957619686964,304.80370641307
3.0668056341413,39.949403516636,304.80370641307
3.0558037452281,39.941186274422,304.80370641307
3.0449439402328,39.941294672797,304.80370641307
3.0339460327172,39.933075307982,304.80370641307
3.0229508066379,39.924854872777,304.80370641307
3.0120935652322,39.9249601372,304.80370641307
3.0011023184295,39.916737581801,304.80370641307
2.9902463427461,39.916840764265,304.80370641307
2.9792590742764,39.908616090146,304.80370641307
2.9682744838133,39.900390348061,304.80370641307
2.9574210741493,39.900490400001,304.80370641307
2.9464404598904,39.8922625416,304.80370641307
2.9355883180096,39.892360513553,304.80370641307
2.9246116790094,39.88413054031,304.80370641307
2.9136377145791,39.87589950152,304.80370641307
2.9027881411271,39.875994346378,304.80370641307
2.8918181498193,39.867761195146,304.80370641307
2.8809698461984,39.867853961993,304.80370641307
2.8700038270605,39.859618699791,304.80370641307
2.8591567941729,39.85970938934,304.80370641307
2.8481947462504,39.851472017639,304.80370641307
2.8373489849995,39.851560630607,304.80370641307
2.8263909073341,39.843321150878,304.80370641307
2.8155464186202,39.843407687981,304.80370641307
2.804592310252,39.835166101694,304.80370641307
2.7937490949727,39.835250563648,304.80370641307
2.7827989549399,39.827006872273,304.80370641307
2.7719570139935,39.827089259794,304.80370641307
2.7611150469421,39.827170617613,304.80370641307
2.750170175613,39.818923778604,304.80370641307
2.7393294844588,39.819003062879,304.80370641307
2.7283885797587,39.810754122264,304.80370641307
2.7175491653916,39.810831333713,304.80370641307
2.7066122263549,39.802580292961,304.80370641307
2.6957740896662,39.8026554323,304.80370641307
2.6849359292108,39.802729542451,304.80370641307
2.6740042571976,39.794475360824,304.80370641307
2.6631673759765,39.794547399757,304.80370641307
2.6522396678998,39.786291121472,304.80370641307
2.6414040667988,39.786361089904,304.80370641307
2.6305684435915,39.786430029491,304.80370641307
2.6196460015868,39.778170615076,304.80370641307
2.6088116600503,39.778237485054,304.80370641307
2.597977297402,39.778303326357,304.80370641307
2.5870601212595,39.770040778547,304.80370641307
2.5762270418268,39.770104551133,304.80370641307
2.5653939422765,39.770167295215,304.80370641307
2.5544820317798,39.761901616742,304.80370641307
2.543650216988,39.761962293002,304.80370641307
2.5328183830698,39.762021940926,304.80370641307
2.521911737997,39.753753134525,304.80370641307
2.5110811903784,39.753810715522,304.80370641307
2.5002506246211,39.753867268356,304.80370641307
2.4893492447436,39.745595336758,304.80370641307
2.4785199668228,39.74564982356,304.80370641307
2.4676906717534,39.74570328237,304.80370641307
2.4568613598639,39.745755713185,304.80370641307
2.4459665511344,39.737479621983,304.80370641307
2.4351385292756,39.737529987838,304.80370641307
2.4243104915818,39.737579325871,304.80370641307
2.4134824383795,39.737627636079,304.80370641307
2.4025942019762,39.729347389631,304.80370641307
2.3917674409958,39.729393635952,304.80370641307
2.3809406654933,39.729438854622,304.80370641307
2.370113875798,39.729483045637,304.80370641307
2.3592322128726,39.721198648306,304.80370641307
2.3484067175825,39.721240776509,304.80370641307
2.337581209084,39.721281877232,304.80370641307
2.3267556877033,39.721321950471,304.80370641307
2.3159301537656,39.721360996224,304.80370641307
2.3050563746014,39.713071418124,304.80370641307
2.2942321379078,39.713108402321,304.80370641307
2.2834078896404,39.713144359207,304.80370641307
2.2725836301291,39.713179288779,304.80370641307
2.2617593596983,39.713213191037,304.80370641307
2.2508934674751,39.704918438522,304.80370641307
2.2400704971145,39.70495028048,304.80370641307
2.2292475168179,39.704981095299,304.80370641307
2.2184245269122,39.705010882976,304.80370641307
2.2076015277201,39.70503964351,304.80370641307
2.1967785195701,39.705067376898,304.80370641307
2.185955502785,39.70509408314,304.80370641307
2.1751001246915,39.696792098963,304.80370641307
2.1642784121133,39.696816746523,304.80370641307
2.1534566918839,39.696840367114,304.80370641307
2.1426349643258,39.696862960734,304.80370641307
2.1318132297676,39.696884527381,304.80370641307
2.1209914885388,39.696905067054,304.80370641307
2.1101697409516,39.696924579752,304.80370641307
2.0993479873443,39.696943065473,304.80370641307
2.0885262280364,39.696960524217,304.80370641307
2.0777044633654,39.696976955982,304.80370641307
2.0668635526072,39.688664661884,304.80370641307
2.0560430982221,39.688679037132,304.80370641307
2.0452226394386,39.688692385581,304.80370641307
2.0344021765858,39.688704707229,304.80370641307
2.0235817099975,39.688716002076,304.80370641307
2.0127612399832,39.688726270121,304.80370641307
2.0019407668848,39.688735511364,304.80370641307
1.991120291013,39.688743725803,304.80370641307
1.9802998127063,39.688750913439,304.80370641307
1.9694793322829,39.68875707427,304.80370641307
1.9586588500699,39.688762208297,304.80370641307
1.9478383663881,39.688766315519,304.80370641307
1.9370178815521,39.688769395935,304.80370641307
1.9261973959622,39.688771449547,304.80370641307
1.9153769098165,39.688772476352,304.80370641307
1.9153769098165,39.688772476352,304.80370641307
1.9261973959622,39.688771449547,304.80370641307
1.9370178815521,39.688769395935,304.80370641307
1.8720949669452,39.688766315519,304.80370641307
1.8612744832635,39.688762208297,304.80370641307
1.8504540010505,39.68875707427,304.80370641307
1.839633520627,39.688750913439,304.80370641307
1.8288130423204,39.688743725803,304.80370641307
1.8179925664486,39.688735511364,304.80370641307
1.8071720933501,39.688726270121,304.80370641307
1.7963516233358,39.688716002076,304.80370641307
1.7855311567476,39.688704707229,304.80370641307
1.7747106938948,39.688692385581,304.80370641307
1.7638902351113,39.688679037132,304.80370641307
1.7530697807261,39.688664661884,304.80370641307
1.7422288699679,39.696976955982,304.80370641307
1.7314071052969,39.696960524217,304.80370641307
1.720585345989,39.696943065473,304.80370641307
1.7097635923818,39.696924579752,304.80370641307
1.6989418447945,39.696905067054,304.80370641307
1.6881201035657,39.696884527381,304.80370641307
1.6772983690075,39.696862960734,304.80370641307
1.6664766414494,39.696840367114,304.80370641307
1.6556549212201,39.696816746523,304.80370641307
1.6448332086418,39.696792098963,304.80370641307
1.6339778305483,39.70509408314,304.80370641307
1.6231548137632,39.705067376898,304.80370641307
1.6123318056132,39.70503964351,304.80370641307
1.6015088064211,39.705010882976,304.80370641307
1.5906858165155,39.704981095299,304.80370641307
1.5798628362188,39.70495028048,304.80370641307
1.5690398658582,39.704918438522,304.80370641307
1.558173973635,39.713213191037,304.80370641307
1.5473497032042,39.713179288779,304.80370641307
1.5365254436929,39.713144359207,304.80370641307
1.5257011954255,39.713108402321,304.80370641307
1.5148769587319,39.713071418124,304.80370641307
1.5040031795677,39.721360996224,304.80370641307
1.5039536075083,39.729688585789,304.80370641307
1.5039040177555,39.738016175311,304.80370641307
1.503854410296,39.746343764793,304.80370641307
1.5038047851245,39.754671354233,304.80370641307
1.4929229943891,39.762959863131,304.80370641307
1.4820908591409,39.762919754231,304.80370641307
1.4712051036091,39.771206184873,304.80370641307
1.4604266277182,39.76283645124,304.80370641307
1.4604815654722,39.754508890754,304.80370641307
1.4605364836155,39.746181330218,304.80370641307
1.4605913821522,39.737853769631,304.80370641307
1.4498194575353,39.729483045637,304.80370641307
1.43899266784,39.729438854622,304.80370641307
1.4281658923375,39.729393635952,304.80370641307
1.4281070465755,39.737721173006,304.80370641307
1.4280481797998,39.746048710002,304.80370641307
1.4388200357201,39.754421489749,304.80370641307
1.4387624505782,39.76274903468,304.80370641307
1.4387048448719,39.771076579555,304.80370641307
1.438647218588,39.779404124375,304.80370641307
1.4494256272422,39.787775915235,304.80370641307
1.4493692853553,39.796103467822,304.80370641307
1.4493129233376,39.804431020356,304.80370641307
1.4492565411743,39.812758572837,304.80370641307
1.4600415135073,39.821129373219,304.80370641307
1.4599864185159,39.829456933299,304.80370641307
1.4599313038279,39.837784493328,304.80370641307
1.4598761694336,39.846112053306,304.80370641307
1.4706677164096,39.854481861616,304.80370641307
1.4706138719644,39.862809429024,304.80370641307
1.4705600082571,39.871136996383,304.80370641307
1.4705061252833,39.879464563694,304.80370641307
1.4813042578931,39.887833378335,304.80370641307
1.4812516676582,39.896160952906,304.80370641307
1.481199058597,39.904488527431,304.80370641307
1.4811464307103,39.91281610191,304.80370641307
1.4919511599666,39.92118392128,304.80370641307
1.4918998276103,39.929511502849,304.80370641307
1.4918484768698,39.937839084374,304.80370641307
1.4917971077457,39.946166665855,304.80370641307
1.4808830085048,39.954453973608,304.80370641307
1.4700203098649,39.954412667303,304.80370641307
1.4591576246341,39.954370328378,304.80370641307
1.4483516792219,39.945999405265,304.80370641307
1.448408384993,39.93767185364,304.80370641307
1.4484650704647,39.929344301961,304.80370641307
1.4376644138421,39.920972377766,304.80370641307
1.4377223914565,39.912644833897,304.80370641307
1.4377803483249,39.904317289972,304.80370641307
1.4378382844565,39.895989745991,304.80370641307
1.4270442203809,39.887616830006,304.80370641307
1.4161316776223,39.89589795459,304.80370641307
1.4160710779994,39.904225482196,304.80370641307
1.4160104566883,39.91255300974,304.80370641307
1.4159498136749,39.920880537223,304.80370641307
1.4267477748557,39.929254509139,304.80370641307
1.415828462506,39.937535592004,304.80370641307
1.4049685179985,39.937488106982,304.80370641307
1.3941085888676,39.937439589727,304.80370641307
1.3832486754461,39.937390040242,304.80370641307
1.3723887780629,39.937339458531,304.80370641307
1.3615288970486,39.937287844596,304.80370641307
1.3506690327353,39.937235198442,304.80370641307
1.3398792072093,39.928854055903,304.80370641307
1.3399492039029,39.920526591652,304.80370641307
1.340019175547,39.91219912732,304.80370641307
1.3400891221516,39.903871662907,304.80370641307
1.3293058769409,39.895489536617,304.80370641307
1.3293771047023,39.887162081788,304.80370641307
1.3185252867447,39.887106398638,304.80370641307
1.3076734867489,39.887049684386,304.80370641307
1.3075995966235,39.895377119166,304.80370641307
1.3075256800535,39.903704553855,304.80370641307
1.318307531986,39.912088733063,304.80370641307
1.3182348951005,39.920416177695,304.80370641307
1.3073037715661,39.928686857373,304.80370641307
1.296369973248,39.936956484497,304.80370641307
1.2855102160792,39.9368976451,304.80370641307
1.2747285010154,39.928510370688,304.80370641307
1.2748064961793,39.920182967766,304.80370641307
1.2640287437531,39.911794693559,304.80370641307
1.2530924113447,39.920060171856,304.80370641307
1.2422353987394,39.919997226179,304.80370641307
1.2314617039018,39.911605890223,304.80370641307
1.2315449715504,39.903278531637,304.80370641307
1.2207752339005,39.894886198429,304.80370641307
1.2208597730728,39.886558851198,304.80370641307
1.2209442820091,39.878231503849,304.80370641307
1.2101797979751,39.869838185927,304.80370641307
1.1993308564665,39.869771184781,304.80370641307
1.1883934674583,39.878030464573,304.80370641307
1.1991565473699,39.88642583217,304.80370641307
1.1990693460455,39.894753155673,304.80370641307
1.1989821135131,39.90308047905,304.80370641307
1.2097504466248,39.911474863221,304.80370641307
1.2096644841361,39.91980219831,304.80370641307
1.2204367745323,39.928195586153,304.80370641307
1.2203520839487,39.936522932785,304.80370641307
1.2202673630383,39.944850279298,304.80370641307
1.2310449182946,39.953242681413,304.80370641307
1.2309614715997,39.961570039302,304.80370641307
1.2417429925278,39.969961443126,304.80370641307
1.2416608219116,39.978288812224,304.80370641307
1.2415786218522,39.986616181208,304.80370641307
1.2306273857489,39.994879469697,304.80370641307
1.2196734663025,40.003141701522,304.80370641307
1.2088894351415,39.994748208544,304.80370641307
1.1981080685738,39.986353705808,304.80370641307
1.1981956139918,39.978026383707,304.80370641307
1.1874182153697,39.969630883811,304.80370641307
1.1875070334414,39.961303573628,304.80370641307
1.1875958197101,39.952976263314,304.80370641307
1.1768236881353,39.944579779372,304.80370641307
1.17691374475,39.936252481142,304.80370641307
1.1661455727208,39.927855002003,304.80370641307
1.1662368978194,39.919527716024,304.80370641307
1.1552873989524,39.927783789267,304.80370641307
1.144429248154,39.927711544575,304.80370641307
1.1443352235563,39.936038804808,304.80370641307
1.1551019833542,39.94443833538,304.80370641307
1.1550092257528,39.952765608221,304.80370641307
1.1657799451907,39.961164144522,304.80370641307
1.165688456446,39.969491429803,304.80370641307
1.1764631390101,39.977888970939,304.80370641307
1.1763729209845,39.986216268492,304.80370641307
1.1762826706276,39.994543565909,304.80370641307
1.165322173545,40.002800569529,304.80370641307
1.1543589914131,40.01105651408,304.80370641307
1.1435818133554,40.002656881346,304.80370641307
1.1328072998189,39.994256240898,304.80370641307
1.1329028971631,39.98592899481,304.80370641307
1.1221323490121,39.977527360331,304.80370641307
1.1222292136427,39.969200127223,304.80370641307
1.1114626273825,39.960797499606,304.80370641307
1.1115607574397,39.952470279645,304.80370641307
1.1006987003574,39.952393866263,304.80370641307
1.0897358683397,39.960643612881,304.80370641307
1.0788725261599,39.960565120519,304.80370641307
1.0681126783979,39.952158431224,304.80370641307
1.0571459181381,39.960405037822,304.80370641307
1.046282652958,39.960323447498,304.80370641307
1.0570410767937,39.968732187531,304.80370641307
1.0569361978903,39.977059337055,304.80370641307
1.0676985796223,39.985467087247,304.80370641307
1.0675949621828,39.993794250805,304.80370641307
1.0783613053056,40.002201010265,304.80370641307
1.0782589511851,40.01052818769,304.80370641307
1.0890292591969,40.018933955526,304.80370641307
1.0889281702569,40.027261146652,304.80370641307
1.0888270450691,40.035588337608,304.80370641307
1.0778491676129,40.043836895645,304.80370641307
1.0669724770831,40.043757228391,304.80370641307
1.056200992387,40.035349378583,304.80370641307
1.0454321746417,40.026940523318,304.80370641307
1.0455386178195,40.018613389501,304.80370641307
1.0347737657893,40.010203543921,304.80370641307
1.0348814702542,40.001876424506,304.80370641307
1.0241205804384,39.993465589503,304.80370641307
1.0242295443356,39.985138484655,304.80370641307
1.01336235227,39.98505375103,304.80370641307
1.0024951875709,39.984967984225,304.80370641307
0.99151507697921,39.993208243121,304.80370641307
0.98076094159358,39.984793351097,304.80370641307
0.96989386098033,39.984704484787,304.80370641307
0.95890982591414,39.992941596564,304.80370641307
0.96966252625563,40.001358539176,304.80370641307
0.95867573383664,40.009595618367,304.80370641307
0.94780470003821,40.009504636995,304.80370641307
0.93681391083327,40.017739599773,304.80370641307
0.92606272097865,40.00931957316,304.80370641307
0.91531419307845,40.000898546059,304.80370641307
0.90456832599947,39.992476519014,304.80370641307
0.90469199142134,39.984149590847,304.80370641307
0.89395007566314,39.97572658131,304.80370641307
0.89407498796388,39.967399669791,304.80370641307
0.88333702003474,39.958975678647,304.80370641307
0.87260170762495,39.950550689536,304.80370641307
0.87272915378133,39.942223812072,304.80370641307
0.86199778363005,39.933797842953,304.80370641307
0.86212647157693,39.92547098263,304.80370641307
0.85139904020138,39.917044034386,304.80370641307
0.85152896810331,39.908717191365,304.80370641307
0.84067425905696,39.908616090146,304.80370641307
0.82968699058723,39.916840764265,304.80370641307
0.81883101490383,39.916737581801,304.80370641307
0.82955435119324,39.92516757073,304.80370641307
0.82942166431404,39.933494376901,304.80370641307
0.84014893734945,39.941923388346,304.80370641307
0.85087886328177,39.950351403648,304.80370641307
0.85074870261274,39.958678245257,304.80370641307
0.86148257085724,39.967105281479,304.80370641307
0.86135365230644,39.975432140417,304.80370641307
0.87209146635124,39.983858196678,304.80370641307
0.88283193858976,39.992283254821,304.80370641307
0.8827055550959,40.000610148199,304.80370641307
0.89344997871285,40.00903422478,304.80370641307
0.90419706374437,40.017457301983,304.80370641307
0.9040732209251,40.025784229129,304.80370641307
0.91482426292061,40.034206323167,304.80370641307
0.91470167057227,40.042533266819,304.80370641307
0.92545667303532,40.050954376805,304.80370641307
0.93621434222658,40.059374485432,304.80370641307
0.93609429944615,40.067701461845,304.80370641307
0.92509252235349,40.075935256051,304.80370641307
0.91408804891233,40.084167981318,304.80370641307
0.90320507668956,40.084072711982,304.80370641307
0.8924476311261,40.075649499185,304.80370641307
0.8925730818929,40.0673225908,304.80370641307
0.88181960110148,40.058898394378,304.80370641307
0.87106878727258,40.050473197905,304.80370641307
0.87119678260535,40.042146323706,304.80370641307
0.86044992794493,40.033720145213,304.80370641307
0.84970573701594,40.025292967933,304.80370641307
0.84983627128377,40.016966128591,304.80370641307
0.83909603393143,40.008537970893,304.80370641307
0.83922781194373,40.000211149087,304.80370641307
0.82849152466659,39.991782011855,304.80370641307
0.81775789580956,39.983351877812,304.80370641307
0.81789220388612,39.975025091863,304.80370641307
0.80716251952367,39.966593979885,304.80370641307
0.79643549036203,39.958161872353,304.80370641307
0.79657232289932,39.949835122927,304.80370641307
0.78584923265984,39.941402039055,304.80370641307
0.77498939310051,39.941294672797,304.80370641307
0.76412958810528,39.941186274422,304.80370641307
0.75312769919201,39.949403516636,304.80370641307
0.74212312659479,39.957619686964,304.80370641307
0.73126075929845,39.957508152467,304.80370641307
0.72025220318657,39.965722197786,304.80370641307
0.70924096114274,39.973935169723,304.80370641307
0.69837603284225,39.973820496933,304.80370641307
0.68736080517129,39.982031341452,304.80370641307
0.67634288932164,39.990241111088,304.80370641307
0.66532228422305,39.998449805276,304.80370641307
0.65445349773494,39.998330937643,304.80370641307
0.64342890372505,40.006537501067,304.80370641307
0.63240161822111,40.014742987542,304.80370641307
0.6213716401524,40.022947396502,304.80370641307
0.61049899696502,40.02282432966,304.80370641307
0.59946502670612,40.031026604506,304.80370641307
0.5884283616394,40.039227800332,304.80370641307
0.57738900069459,40.047427916572,304.80370641307
0.56634694280109,40.055626952658,304.80370641307
0.55546914590871,40.05549862493,304.80370641307
0.54442309137939,40.06369552261,304.80370641307
0.53337433765838,40.07189133863,304.80370641307
0.52232288367484,40.080086072419,304.80370641307
0.51126872835875,40.088279723409,304.80370641307
0.50021187063957,40.09647229103,304.80370641307
0.48915230944708,40.104663774712,304.80370641307
0.47809004371006,40.112854173885,304.80370641307
0.46702507235662,40.121043487977,304.80370641307
0.45613692800032,40.120905652513,304.80370641307
0.44506795088888,40.129092820144,304.80370641307
0.43399626591996,40.137278901184,304.80370641307
0.42292187202222,40.14546389506,304.80370641307
0.41184476812442,40.153647801202,304.80370641307
0.40076495315428,40.161830619036,304.80370641307
0.38968242604182,40.170012347991,304.80370641307
0.38949442565475,40.178338256397,304.80370641307
0.37840777080261,40.186518869275,304.80370641307
0.36731840068908,40.194698391924,304.80370641307
0.3562263142412,40.202876823772,304.80370641307
0.34513151038647,40.211054164245,304.80370641307
0.33403398805264,40.219230412768,304.80370641307
0.32293374616632,40.227405568768,304.80370641307
0.31183078365394,40.235579631669,304.80370641307
0.30072509944245,40.243752600897,304.80370641307
0.30052568383676,40.252078289947,304.80370641307
0.28941585399605,40.260250136663,304.80370641307
0.27830329932981,40.26842088835,304.80370641307
0.26718801876438,40.276590544433,304.80370641307
0.2560700112253,40.284759104335,304.80370641307
0.25586482449416,40.293084678404,304.80370641307
0.24474266160742,40.301252112456,304.80370641307
0.23361776861541,40.309418448968,304.80370641307
0.22249014444429,40.317583687363,304.80370641307
0.2222805974429,40.325909172811,304.80370641307
0.2111488102461,40.334073282792,304.80370641307
0.20001428873432,40.342236293295,304.80370641307
0.18887703183157,40.350398203741,304.80370641307
0.18866311253112,40.358723598655,304.80370641307
0.17752168491234,40.366884378117,304.80370641307
0.16637751876446,40.375044056158,304.80370641307
0.16616065185373,40.383369389392,304.80370641307
0.15501230935154,40.39152793466,304.80370641307
0.14386122517865,40.399685377141,304.80370641307
0.14364140456425,40.408010647826,304.80370641307
0.13248613839157,40.416166955742,304.80370641307
0.12132812740381,40.424322159502,304.80370641307
0.12110534698117,40.432647366767,304.80370641307
0.10994314834119,40.440801434167,304.80370641307
0.10971884527425,40.44912660898,304.80370641307
0.09855245539267,40.457279539013,304.80370641307
0.087383315477024,40.465431362729,304.80370641307
0.08715604287395,40.4737564728,304.80370641307
0.075982706052133,40.481907157348,304.80370641307
0.075753905096704,40.490232234288,304.80370641307
0.06457636777017,40.498381778658,304.80370641307
0.053396075182646,40.506530214545,304.80370641307
0.053164294932464,40.514855225415,304.80370641307
0.041979796163505,40.523002519319,304.80370641307
0.041746481833649,40.531327496375,304.80370641307
0.030557773277251,40.539473647282,304.80370641307
0.030322922763379,40.547798590293,304.80370641307
0.019130000808911,40.555943597187,304.80370641307
0.018893612001813,40.564268505921,304.80370641307
0.007696473038312,40.572412367787,304.80370641307
0.0074585438271504,40.580737242011,304.80370641307
-0.0037428157628512,40.588879957831,304.80370641307
-0.0039822874906381,40.597204797311,304.80370641307
-0.015187871326828,40.605346366067,304.80370641307
-0.01542888768922,40.613671170571,304.80370641307
-0.015669991224955,40.62199597412,304.80370641307
-0.026881262509195,40.630136360535,304.80370641307
-0.027123913379533,40.638461128861,304.80370641307
-0.038339417699839,40.64660036595,304.80370641307
-0.038583618027898,40.654925098819,304.80370641307
-0.049803359015915,40.663063185559,304.80370641307
-0.050049110928098,40.671387882735,304.80370641307
-0.050294951805451,40.67971257892,304.80370641307
-0.06152039784341,40.687849479351,304.80370641307
-0.06176779301786,40.696174139596,304.80370641307
-0.072997484544424,40.704309887407,304.80370641307
-0.073246436149617,40.712634511476,304.80370641307
-0.073495477934818,40.720959134529,304.80370641307
-0.08473088697767,40.729093693298,304.80370641307
-0.08498148791694,40.737418279925,304.80370641307
-0.085232179668322,40.745742865525,304.80370641307
-0.096473313522021,40.753876233764,304.80370641307
-0.096725567154805,40.762200782689,304.80370641307
-0.096977912234084,40.770525330573,304.80370641307
-0.10822477820233,40.77865750679,304.80370641307
-0.1084786878972,40.78698201775,304.80370641307
-0.10873268967318,40.795306527656,304.80370641307
-0.11998529507135,40.80343751036,304.80370641307
-0.12024086420264,40.81176198309,304.80370641307
-0.12049652605252,40.820086454754,304.80370641307
-0.13175487820785,40.828216242449,304.80370641307
-0.13201211015712,40.836540676686,304.80370641307
-0.13226943546369,40.844865109842,304.80370641307
-0.13252685417458,40.853189541918,304.80370641307
-0.1437924398705,40.86131809651,304.80370641307
-0.14405143202504,40.869642490894,304.80370641307
-0.14431051822373,40.877966884184,304.80370641307
-0.14456969851474,40.886291276379,304.80370641307
-0.15584252987891,40.894418595877,304.80370641307
-0.15610328696578,40.902742950116,304.80370641307
-0.15636413878747,40.911067303246,304.80370641307
-0.15662508538995,40.919391655268,304.80370641307
-0.16790517457626,40.927517737677,304.80370641307
-0.16816770133751,40.935842051475,304.80370641307
-0.16843032352481,40.944166364151,304.80370641307
-0.16869304118565,40.952490675704,304.80370641307
-0.16895585436769,40.960814986133,304.80370641307
-0.18024470156243,40.968939792088,304.80370641307
-0.18050909887297,40.977264064014,304.80370641307
-0.18077359235169,40.985588334803,304.80370641307
-0.18103818204685,40.993912604454,304.80370641307
-0.18130286800578,41.002236872967,304.80370641307
-0.19260049133495,41.010360399943,304.80370641307
-0.19286676540454,41.018684629671,304.80370641307
-0.1931331363883,41.027008858247,304.80370641307
-0.19339960433402,41.03533308567,304.80370641307
-0.19366616928995,41.043657311939,304.80370641307
-0.19393283130398,41.051981537054,304.80370641307
-0.19419959042446,41.060305761015,304.80370641307
-0.20550899871444,41.068427930645,304.80370641307
-0.20577735115006,41.076752115512,304.80370641307
-0.20604580134466,41.085076299211,304.80370641307
-0.20631434934754,41.09340048174,304.80370641307
-0.20658299520744,41.1017246631,304.80370641307
-0.20685173897204,41.110048843289,304.80370641307
-0.20712058069015,41.118373022307,304.80370641307
-0.20738952041076,41.126697200154,304.80370641307
-0.2076585581821,41.135021376828,304.80370641307
-0.20792769405376,41.14334555233,304.80370641307
-0.21925342409212,41.151466246216,304.80370641307
-0.21952416032971,41.159790382272,304.80370641307
-0.21979499532488,41.168114517143,304.80370641307
-0.22006592912588,41.176438650825,304.80370641307
-0.22033696178214,41.184762783319,304.80370641307
-0.22060809334391,41.193086914625,304.80370641307
-0.22087932385848,41.201411044741,304.80370641307
-0.22115065337602,41.209735173668,304.80370641307
-0.22142208194614,41.218059301403,304.80370641307
-0.22169360961722,41.226383427948,304.80370641307
-0.22196523643881,41.2347075533,304.80370641307
-0.2222369624609,41.243031677461,304.80370641307
-0.22250878773228,41.251355800428,304.80370641307
-0.22278071230253,41.259679922201,304.80370641307
-0.2230527362212,41.26800404278,304.80370641307
-0.22332485953696,41.276328162164,304.80370641307
-0.22359708230064,41.284652280353,304.80370641307
-0.22386940456049,41.292976397346,304.80370641307
-0.22414182636692,41.301300513141,304.80370641307
-0.22441434776945,41.30962462774,304.80370641307
-0.22468696881724,41.31794874114,304.80370641307
-0.22495968956075,41.326272853342,304.80370641307
-0.22523251004906,41.334596964344,304.80370641307
-0.22550543033222,41.342921074147,304.80370641307
-0.22577845045904,41.351245182749,304.80370641307
-0.22605157048069,41.35956929015,304.80370641307
-0.22632479044677,41.367893396349,304.80370641307
-0.22659811040666,41.376217501346,304.80370641307
-0.22687153041072,41.38454160514,304.80370641307
-0.2271450505081,41.39286570773,304.80370641307
-0.21631983061476,41.401394407841,304.80370641307
-0.21659213157675,41.409718545491,304.80370641307
-0.21686453226394,41.418042681947,304.80370641307
-0.2171370327258,41.42636681721,304.80370641307
-0.21740963301209,41.434690951279,304.80370641307
-0.21768233317304,41.443015084153,304.80370641307
-0.21795513325817,41.451339215831,304.80370641307
-0.21822803331797,41.459663346313,304.80370641307
-0.21850103340171,41.467987475599,304.80370641307
-0.21877413356065,41.476311603687,304.80370641307
-0.20793420555555,41.484839637894,304.80370641307
-0.20820608129868,41.493163800984,304.80370641307
-0.20847805674489,41.501487962887,304.80370641307
-0.20875013194461,41.509812123602,304.80370641307
-0.209022306947,41.51813628313,304.80370641307
-0.20929458180205,41.526460441469,304.80370641307
-0.20956695656073,41.534784598619,304.80370641307
-0.19871624908574,41.543311855907,304.80370641307
-0.19898739538982,41.551636047966,304.80370641307
-0.19925864122385,41.559960238847,304.80370641307
-0.1995299866369,41.568284428548,304.80370641307
-0.19980143168007,41.57660861707,304.80370641307
-0.18894257716866,41.585135023281,304.80370641307
-0.18921279055185,41.593459246597,304.80370641307
-0.18948310318946,41.601783468744,304.80370641307
-0.18975351513156,41.610107689722,304.80370641307
-0.19002402642784,41.618431909528,304.80370641307
-0.17915700771486,41.626957462911,304.80370641307
-0.1794262841352,41.635281717396,304.80370641307
-0.17969565953371,41.643605970722,304.80370641307
-0.179965133959,41.651930222887,304.80370641307
-0.16909127058482,41.660454885972,304.80370641307
-0.16935950733593,41.668779172689,304.80370641307
-0.16962784273589,41.677103458255,304.80370641307
-0.16989627683574,41.685427742672,304.80370641307
-0.15901555697432,41.693951513961,304.80370641307
-0.15928275059272,41.702275832801,304.80370641307
-0.15955004253147,41.710600150501,304.80370641307
-0.15981743283881,41.718924467061,304.80370641307
-0.14892984463744,41.727447345053,304.80370641307
-0.1491959916515,41.735771695909,304.80370641307
-0.14946223665294,41.744096045634,304.80370641307
-0.13856911195457,41.752617993538,304.80370641307
-0.13883411127263,41.76094237742,304.80370641307
-0.13909920819691,41.769266760182,304.80370641307
-0.12820053960231,41.77778777678,304.80370641307
-0.12846438844867,41.786112193558,304.80370641307
-0.1287283345173,41.794436609227,304.80370641307
-0.117824114615,41.802956693299,304.80370641307
-0.11808681020617,41.811281142843,304.80370641307
-0.11834960263512,41.819605591289,304.80370641307
-0.10743982400072,41.828124741613,304.80370641307
-0.10770136354842,41.836449223793,304.80370641307
-0.10796299954721,41.844773704885,304.80370641307
-0.097047654744684,41.853291920236,304.80370641307
-0.097308035452529,41.861616434921,304.80370641307
-0.086388470366722,41.870133679554,304.80370641307
-0.086647593805165,41.87845822768,304.80370641307
-0.086906812871551,41.886782774739,304.80370641307
-0.075981668736987,41.895299082097,304.80370641307
-0.076239628116178,41.903623662455,304.80370641307
-0.065310254372088,41.912138997106,304.80370641307
-0.065566952079881,41.920463610609,304.80370641307
-0.05463334482661,41.928977971637,304.80370641307
-0.054888778876581,41.937302618132,304.80370641307
-0.055144307283974,41.945627263592,304.80370641307
-0.044205102613639,41.954140683956,304.80370641307
-0.044459364932076,41.962465362264,304.80370641307
-0.033515917391328,41.97097780701,304.80370641307
-0.033768911626566,41.979302518012,304.80370641307
-0.022821217302854,41.98781398622,304.80370641307
-0.023072941458071,41.996138729762,304.80370641307
-0.01212099643286,42.004649220514,304.80370641307
-0.012371448509499,42.01297399644,304.80370641307
-0.0014152488627428,42.021483508815,304.80370641307
-0.0016644268564192,42.02980831697,304.80370641307
0.0092960313376578,42.038316850048,304.80370641307
0.0090481294323528,42.046641690277,304.80370641307
0.020012850103413,42.055149243134,304.80370641307
0.030980466277406,42.063655782136,304.80370641307
0.042438470369427,42.055511429095,304.80370641307
0.05365137555845,42.055690901429,304.80370641307
0.065105031473533,42.047544286797,304.80370641307
0.076316600752641,42.047721565368,304.80370641307
0.087765909444356,42.03957269075,304.80370641307
0.099212270870842,42.031422670079,304.80370641307
0.11042110412345,42.031596643317,304.80370641307
0.12186312055658,42.023444365282,304.80370641307
0.13307061535697,42.023616146863,304.80370641307
0.14450828775595,42.015461613066,304.80370641307
0.15571444299737,42.01563120375,304.80370641307
0.16714777232386,42.007474415794,304.80370641307
0.17857815939906,41.999316485458,304.80370641307
0.18978157411717,41.999482775829,304.80370641307
0.20120762036265,41.991322593951,304.80370641307
0.2124096930016,41.991486695532,304.80370641307
0.22383139938432,41.983324263714,304.80370641307
0.23503212884467,41.983486177266,304.80370641307
0.24644949633408,41.975321497109,304.80370641307
0.25786392659835,41.967155678235,304.80370641307
0.26906191108886,41.967314296495,304.80370641307
0.28047200471518,41.959146231896,304.80370641307
0.29166864352745,41.959302664235,304.80370641307
0.30307440149242,41.95113235551,304.80370641307
0.31426969353695,41.95128660269,304.80370641307
0.32567111681805,41.943114051436,304.80370641307
0.33706960791022,41.934940365122,304.80370641307
0.34826215058435,41.935091322035,304.80370641307
0.35965630926055,41.926915395803,304.80370641307
0.37084750268837,41.927064169668,304.80370641307
0.38223732993265,41.918886005114,304.80370641307
0.39342717303194,41.919032596692,304.80370641307
0.40481266983065,41.910852195414,304.80370641307
0.41600116152146,41.910996605469,304.80370641307
0.42738232886492,41.902813969061,304.80370641307
0.43856946806835,41.902956198357,304.80370641307
0.44956693646771,41.911423372218,304.80370641307
0.46075562682292,41.911563473295,304.80370641307
0.47194436590506,41.911702497101,304.80370641307
0.48331851563696,41.903514344931,304.80370641307
0.49450589834001,41.903651188872,304.80370641307
0.50587571812892,41.895460806095,304.80370641307
0.51724261388941,41.887269295909,304.80370641307
0.52842723422718,41.887402859146,304.80370641307
0.53978980234193,41.879209120957,304.80370641307
0.5509730638673,41.879340506444,304.80370641307
0.56233130534038,41.871144541845,304.80370641307
0.5736866265658,41.862947452465,304.80370641307
0.58486712282542,41.863075560933,304.80370641307
0.59621811971543,41.854876247744,304.80370641307
0.6073972547442,41.855002180579,304.80370641307
0.61874392830887,41.846800645172,304.80370641307
0.63008768541155,41.838597987609,304.80370641307
0.64126405229867,41.838720647109,304.80370641307
0.65260348838992,41.830515769926,304.80370641307
0.66377849164428,41.830636255911,304.80370641307
0.67511360773919,41.822429160699,304.80370641307
0.68628724630773,41.822547473936,304.80370641307
0.69761804342605,41.814338162284,304.80370641307
0.70894592917557,41.8061277321,304.80370641307
0.72011679541791,41.806242777039,304.80370641307
0.73144036451546,41.798030133009,304.80370641307
0.74260986368969,41.798143007319,304.80370641307
0.75392911716043,41.789928151032,304.80370641307
0.7652454630592,41.781712178826,304.80370641307
0.77641218709214,41.781821788524,304.80370641307
0.78772421969645,41.773603606651,304.80370641307
0.79888957429425,41.773711047841,304.80370641307
0.81019729463608,41.765490657887,304.80370641307
0.82150211120622,41.757269154625,304.80370641307
0.8326646878704,41.757373334889,304.80370641307
0.84396519451764,41.749149626134,304.80370641307
0.8551263993958,41.749251640011,304.80370641307
0.86642259715864,41.741025727347,304.80370641307
0.87771589495505,41.732798703981,304.80370641307
0.88874229568818,41.741224350445,304.80370641307
0.88861022361794,41.749551239993,304.80370641307
0.8999021962061,41.741322051857,304.80370641307
0.91106213039629,41.741418679834,304.80370641307
0.92234979433146,41.733187291131,304.80370641307
0.9335083523821,41.73328175481,304.80370641307
0.94479170870873,41.725048167124,304.80370641307
0.95607216805922,41.716813471916,304.80370641307
0.96722793936048,41.71690468219,304.80370641307
0.97850409346473,41.708667790581,304.80370641307
0.98965848630721,41.708756838681,304.80370641307
1.0009303362175,41.700517752253,304.80370641307
1.0121992929713,41.6922775609,304.80370641307
1.0233508963496,41.692363359286,304.80370641307
1.0346155512776,41.684120975693,304.80370641307
1.0458773155568,41.675877488774,304.80370641307
1.0570261280573,41.67596003978,304.80370641307
1.0682835928845,41.667714363197,304.80370641307
1.0794310233524,41.667794755512,304.80370641307
1.0906841897895,41.659546890844,304.80370641307
1.1019344694044,41.651297925442,304.80370641307
1.1130791063183,41.651375074067,304.80370641307
1.1243250899235,41.643123923154,304.80370641307
1.1354683425255,41.643198915216,304.80370641307
1.1467100311885,41.63494558037,304.80370641307
1.157948836857,41.626691147375,304.80370641307
1.1689937906932,41.635090181902,304.80370641307
1.1801357074863,41.635160876152,304.80370641307
1.1913702793607,41.626903191116,304.80370641307
1.2024196133065,41.635299051597,304.80370641307
1.2136513607403,41.627039199494,304.80370641307
1.2247919362348,41.627105597432,304.80370641307
1.2360193898646,41.618843566893,304.80370641307
1.2472439636798,41.61058044176,304.80370641307
1.2583817359342,41.610643603932,304.80370641307
1.2696020183491,41.602378302931,304.80370641307
1.2808194234661,41.594111908925,304.80370641307
1.2919543911258,41.594171837668,304.80370641307
1.3031675072536,41.585903270359,304.80370641307
1.3143777486038,41.577633611631,304.80370641307
1.3254346766561,41.586017756388,304.80370641307
1.3366420913738,41.577745937232,304.80370641307
1.3477742913753,41.577800495481,304.80370641307
1.3589774190326,41.569526506755,304.80370641307
1.3701776747058,41.561251428981,304.80370641307
1.381307065188,41.561302759236,304.80370641307
1.3925030362251,41.553025514453,304.80370641307
1.4036961378042,41.544747182204,304.80370641307
1.4037612217673,41.53641966732,304.80370641307
1.414950001438,41.528140239302,304.80370641307
1.4260737373607,41.528187257688,304.80370641307
1.4372582377224,41.519905666609,304.80370641307
1.4483212567184,41.528278088799,304.80370641307
1.4595029293715,41.519994344324,304.80370641307
1.4595607980841,41.511666787076,304.80370641307
1.4707381568781,41.5033819504,304.80370641307
1.481912653505,41.495096030213,304.80370641307
1.4929772225293,41.503464187718,304.80370641307
1.5040967761407,41.503503704404,304.80370641307
1.5152163431255,41.503542153104,304.80370641307
1.5263359231142,41.503579533816,304.80370641307
1.5375033479232,41.495288238429,304.80370641307
1.5486679124771,41.486995862079,304.80370641307
1.5598296179639,41.47870240536,304.80370641307
1.5709449645708,41.478735495875,304.80370641307
1.5820603223318,41.478767518977,304.80370641307
1.5931756908791,41.478798474664,304.80370641307
1.6043302922348,41.470500718889,304.80370641307
1.6043695002387,41.46217307482,304.80370641307
1.6155198058033,41.453874235724,304.80370641307
1.6266309274129,41.453901973887,304.80370641307
1.6377769636236,41.44560098584,304.80370641307
1.6267035740151,41.437246664897,304.80370641307
1.6378467358439,41.428945667035,304.80370641307
1.6489536032691,41.428971257446,304.80370641307
1.6600924999888,41.42066811299,304.80370641307
1.6712285474788,41.412363893666,304.80370641307
1.6823325937952,41.412386277107,304.80370641307
1.6823617469269,41.404058600063,304.80370641307
1.6934920995303,41.39575223277,304.80370641307
1.704593316767,41.395772477056,304.80370641307
1.715719409396,41.387463967668,304.80370641307
1.7267957710652,41.395809769185,304.80370641307
1.7267723148671,41.404137460686,304.80370641307
1.7378970074043,41.395826817025,304.80370641307
1.7489776363147,41.404170496933,304.80370641307
1.7489570157061,41.412498194478,304.80370641307
1.7600803051377,41.404185416536,304.80370641307
1.7711652024652,41.412526973275,304.80370641307
1.7711474195426,41.420854676087,304.80370641307
1.7711296300957,41.429182378893,304.80370641307
1.7711118341454,41.437510081695,304.80370641307
1.7599842422086,41.445823917869,304.80370641307
1.7488537992535,41.4541366821,304.80370641307
1.7377425953176,41.454120679229,304.80370641307
1.7266078805895,41.462431300945,304.80370641307
1.7154703122968,41.470740849148,304.80370641307
1.704329889254,41.47904932325,304.80370641307
1.7043034933548,41.487377007808,304.80370641307
1.6931587773675,41.495684403485,304.80370641307
1.6820697342913,41.487335369883,304.80370641307
1.6709221783503,41.495640622271,304.80370641307
1.659803890461,41.49561712993,304.80370641307
1.6486856108091,41.495592569768,304.80370641307
1.6375323575905,41.503894601043,304.80370641307
1.6263762443744,41.512195554681,304.80370641307
1.6152172699667,41.520495430091,304.80370641307
1.604055433171,41.528794226682,304.80370641307
1.5929314859174,41.528764305485,304.80370641307
1.5817653661204,41.537060948381,304.80370641307
1.5705963813932,41.545356510882,304.80370641307
1.5594245305363,41.553650992395,304.80370641307
1.5482498123583,41.561944392327,304.80370641307
1.5370722256533,41.570236710086,304.80370641307
1.5258917692314,41.578527945077,304.80370641307
1.5147084418835,41.586818096708,304.80370641307
1.5035222424213,41.595107164383,304.80370641307
1.4923331696376,41.603395147509,304.80370641307
1.4811412223362,41.611682045491,304.80370641307
1.4699463993205,41.619967857734,304.80370641307
1.4587486993873,41.628252583642,304.80370641307
1.4475481213335,41.63653622262,304.80370641307
1.436344663966,41.644818774072,304.80370641307
1.4251383260799,41.653100237402,304.80370641307
1.413929106476,41.661380612012,304.80370641307
1.4027170039533,41.669659897306,304.80370641307
1.3915020173085,41.677938092687,304.80370641307
1.3802841453454,41.686215197557,304.80370641307
1.3690633868568,41.694491211318,304.80370641307
1.3578397406448,41.702766133371,304.80370641307
1.3466132055051,41.71103996312,304.80370641307
1.3802157498668,41.694542692849,304.80370641307
1.3913681304989,41.694593101905,304.80370641307
1.4025860443353,41.686314924825,304.80370641307
1.4137370193193,41.686363180034,304.80370641307
1.4249506241557,41.67808283166,304.80370641307
1.4361613440946,41.669801393958,304.80370641307
1.4472497766003,41.678173963844,304.80370641307
1.458457650171,41.669890365565,304.80370641307
1.4696058258924,41.66993324351,304.80370641307
1.4807540162414,41.669975049546,304.80370641307
1.4919561588047,41.661688204311,304.80370641307
1.503050439347,41.670055445876,304.80370641307
1.5141475911385,41.678421629883,304.80370641307
1.5252972750987,41.678459155158,304.80370641307
1.5363987514821,41.68682321561,304.80370641307
1.5363505133749,41.695150822869,304.80370641307
1.5475966810018,41.678530989344,304.80370641307
1.5587917271961,41.670237678088,304.80370641307
1.5699400212457,41.670270908747,304.80370641307
1.5810883265917,41.670303067472,304.80370641307
1.592277636283,41.662006516313,304.80370641307
1.5923186146265,41.653678878337,304.80370641307
1.6035035913766,41.64538123862,304.80370641307
1.614647615019,41.645410165557,304.80370641307
1.6258282864767,41.63711036715,304.80370641307
1.6369708926046,41.637137146457,304.80370641307
1.6481135077831,41.637162854606,304.80370641307
1.6592238038747,41.64551515978,304.80370641307
1.6592561316464,41.637187491596,304.80370641307
1.6704296434855,41.628883384891,304.80370641307
1.6704605117977,41.620555712342,304.80370641307
1.681629701767,41.612250522035,304.80370641307
1.6816591127456,41.603922845322,304.80370641307
1.6928239847022,41.595616572408,304.80370641307
1.7039594636749,41.595636906041,304.80370641307
1.7150949494599,41.59565616949,304.80370641307
1.7262067780662,41.604002054043,304.80370641307
1.7373659400202,41.595691485836,304.80370641307
1.7373881613477,41.587363791393,304.80370641307
1.748543011829,41.579052143935,304.80370641307
1.7596949943628,41.570739420975,304.80370641307
1.7708441101334,41.562425623104,304.80370641307
1.781990360372,41.554110750913,304.80370641307
1.7820068169568,41.545783045827,304.80370641307
1.7708977728878,41.537442514914,304.80370641307
1.7709156473369,41.529114812174,304.80370641307
1.7598108845729,41.520773219894,304.80370641307
1.7486675321274,41.529085959387,304.80370641307
1.7486467977937,41.537413656829,304.80370641307
1.7374991456331,41.545725319058,304.80370641307
1.74860530627,41.554069051692,304.80370641307
1.7597529713806,41.545756320462,304.80370641307
1.7820397120044,41.529127635641,304.80370641307
1.7931487663444,41.537467097742,304.80370641307
1.7931787899423,41.520811683232,304.80370641307
1.7931937934889,41.512483975971,304.80370641307
1.7932087915154,41.504156268707,304.80370641307
1.8043421422319,41.495839239824,304.80370641307
1.8043557019418,41.487511530593,304.80370641307
1.8154847641728,41.479193428383,304.80370641307
1.8154968876734,41.470865717384,304.80370641307
1.8155090066993,41.462538006383,304.80370641307
1.8044098910639,41.454200693641,304.80370641307
1.7933136238801,41.445862317755,304.80370641307
1.7821874413816,41.454178289592,304.80370641307
1.7821710510738,41.462505994725,304.80370641307
1.7710405850367,41.47082089285,304.80370641307
1.782138252428,41.47916140498,304.80370641307
1.7932687286723,41.470845439613,304.80370641307
1.7932836992323,41.462517732331,304.80370641307
1.826632354616,41.454218830261,304.80370641307
1.8266430400545,41.445891117691,304.80370641307
1.8155453371462,41.437554873367,304.80370641307
1.8266643991658,41.429235692545,304.80370641307
1.8266750728487,41.420907979969,304.80370641307
1.8266857426349,41.412580267392,304.80370641307
1.8377991040742,41.404260014627,304.80370641307
1.8378083444361,41.39593230068,304.80370641307
1.83781758143,41.387604586731,304.80370641307
1.8489252497451,41.379283263396,304.80370641307
1.8489330599456,41.370955548275,304.80370641307
1.8489408672816,41.362627833152,304.80370641307
1.8378544955836,41.354293730922,304.80370641307
1.8267496792965,41.362613991888,304.80370641307
1.8267390329397,41.370941704477,304.80370641307
1.8156299530529,41.379260896246,304.80370641307
1.804518031249,41.387579019596,304.80370641307
1.7934032663586,41.395896073942,304.80370641307
1.7823020054683,41.395884353534,304.80370641307
1.7712007487772,41.395871567636,304.80370641307
1.760118681066,41.387530015962,304.80370641307
1.771236269051,41.379216161978,304.80370641307
1.7712540194378,41.370888459141,304.80370641307
1.7823673389073,41.362573532834,304.80370641307
1.7934629186466,41.362585244662,304.80370641307
1.8045719826555,41.354268182503,304.80370641307
1.8156782076995,41.345950052125,304.80370641307
1.8267815950006,41.337630854112,304.80370641307
1.837882145737,41.32931058905,304.80370641307
1.8378913557352,41.320982875091,304.80370641307
1.84898765135,41.312661542396,304.80370641307
1.8600811137928,41.304339144018,304.80370641307
1.849003223217,41.296006112137,304.80370641307
1.8490110048963,41.287678397005,304.80370641307
1.849018783718,41.279350681873,304.80370641307
1.8601065764318,41.271028279604,304.80370641307
1.8711915413456,41.262704813014,304.80370641307
1.8822701476837,41.262708000151,304.80370641307
1.8933508740472,41.254382407057,304.80370641307
1.9044280688882,41.254383469242,304.80370641307
1.9044280688882,41.254383469242,304.80370641307
1.8933487549041,41.262710124909,304.80370641307
1.8933466349347,41.271037842761,304.80370641307
1.8822701476837,41.262708000151,304.80370641307
1.8711915413456,41.262704813014,304.80370641307
1.8601129362901,41.262700563499,304.80370641307
1.8490265596991,41.27102296674,304.80370641307
1.8379373551421,41.279344305271,304.80370641307
1.8490110048963,41.287678397005,304.80370641307
1.8600874829506,41.296011427915,304.80370641307
1.8711717442923,41.296015680538,304.80370641307
1.8489954386933,41.304333827267,304.80370641307
1.8379189654619,41.295999733203,304.80370641307
1.8268240948334,41.304320003718,304.80370641307
1.8157384267781,41.304311496921,304.80370641307
1.8046393109177,41.312629636071,304.80370641307
1.8157143523732,41.320966919009,304.80370641307
1.8046123943876,41.329285054653,304.80370641307
1.7935224836662,41.329274415325,304.80370641307
1.7824325767493,41.329262712067,304.80370641307
1.7713249560525,41.337577647742,304.80370641307
1.7713603854431,41.320922242012,304.80370641307
1.7602719041197,41.320908413426,304.80370641307
1.7491628824161,41.329221218721,304.80370641307
1.7491834276769,41.320893521108,304.80370641307
1.7381169106118,41.312549870356,304.80370641307
1.7270298614064,41.312532853689,304.80370641307
1.7159180312933,41.320842461768,304.80370641307
1.7048033651747,41.3291509993,304.80370641307
1.715868430327,41.337497838303,304.80370641307
1.7269597242372,41.33751592843,304.80370641307
1.7380510241318,41.337532954439,304.80370641307
1.726936328067,41.345843619993,304.80370641307
1.7269129233292,41.354171311547,304.80370641307
1.7158187930362,41.354153214798,304.80370641307
1.704724669097,41.354134053542,304.80370641307
1.6936028816584,41.362441508803,304.80370641307
1.6824782527373,41.370747891752,304.80370641307
1.6935475108763,41.379096870811,304.80370641307
1.7046196064735,41.387444792375,304.80370641307
1.7156945407381,41.395791655861,304.80370641307
1.7267957710652,41.395809769185,304.80370641307
1.7379190339595,41.387499122393,304.80370641307
1.7490188548824,41.387515101823,304.80370641307
1.7601378585003,41.379202315665,304.80370641307
1.7712185121563,41.38754386481,304.80370641307
1.7823346841429,41.379228943193,304.80370641307
1.7934480137689,41.370912951988,304.80370641307
1.7600994966182,41.395857716252,304.80370641307
1.7489776363147,41.404170496933,304.80370641307
1.7378529300611,41.412482206265,304.80370641307
1.7267253766771,41.420792843661,304.80370641307
1.7155949749424,41.429102408533,304.80370641307
1.7044617236894,41.437410900292,304.80370641307
1.693353393434,41.437390637452,304.80370641307
1.6822742554841,41.429041631153,304.80370641307
1.6711979610704,41.420691566594,304.80370641307
1.6601245089868,41.412340444358,304.80370641307
1.6712591226831,41.404036220722,304.80370641307
1.6823617469269,41.404058600063,304.80370641307
1.6934920995303,41.39575223277,304.80370641307
1.7045670174331,41.404100161725,304.80370641307
1.6824491422824,41.37907556885,304.80370641307
1.6713202395047,41.38738087479,304.80370641307
1.6602204656635,41.387357438365,304.80370641307
1.6490873051289,41.395660600854,304.80370641307
1.6379861269909,41.395635029189,304.80370641307
1.6268849577551,41.395608392053,304.80370641307
1.6269211946534,41.387280737421,304.80370641307
1.6380557460132,41.378979710149,304.80370641307
1.649154082637,41.37900527245,304.80370641307
1.6269936286672,41.370625428093,304.80370641307
1.627029825784,41.362297773398,304.80370641307
1.6159719495488,41.353942441425,304.80370641307
1.6049169064935,41.345586055264,304.80370641307
1.5938242843653,41.34555625448,304.80370641307
1.5827735015041,41.337197756064,304.80370641307
1.5828153151308,41.328870122698,304.80370641307
1.5717687644157,41.320510577454,304.80370641307
1.560680426403,41.320477601902,304.80370641307
1.5496381317634,41.312115947315,304.80370641307
1.5385512332069,41.312080850779,304.80370641307
1.5385986641227,41.30375324183,304.80370641307
1.5386460776951,41.295425632846,304.80370641307
1.5497301452147,41.295460716549,304.80370641307
1.5608142244758,41.295494737135,304.80370641307
1.5718983151159,41.295527694603,304.80370641307
1.5829824167754,41.295559588949,304.80370641307
1.5940665290952,41.295590420171,304.80370641307
1.6051506517124,41.295620188267,304.80370641307
1.6162347842654,41.295648893236,304.80370641307
1.6273189263909,41.295676535075,304.80370641307
1.6383684017129,41.304030773506,304.80370641307
1.6494539772178,41.304056293745,304.80370641307
1.6605395612152,41.304080750654,304.80370641307
1.6716251533476,41.304104144231,304.80370641307
1.6826817278922,41.312454151683,304.80370641307
1.6937687510499,41.312475422482,304.80370641307
1.7048557812634,41.31249562975,304.80370641307
1.7159675959901,41.304187085194,304.80370641307
1.7159923647419,41.295859396892,304.80370641307
1.7049343335418,41.287512575342,304.80370641307
1.7049604984967,41.279184890517,304.80370641307
1.7160666167024,41.270876331927,304.80370641307
1.7271699051169,41.262566703968,304.80370641307
1.7161160727865,41.254220955234,304.80370641307
1.7050127997142,41.262529520835,304.80370641307
1.6939066977395,41.270837016876,304.80370641307
1.682855720989,41.262488088236,304.80370641307
1.6717771925293,41.262465778391,304.80370641307
1.6606986718266,41.262442406184,304.80370641307
1.6496201592275,41.262417971617,304.80370641307
1.6385416551086,41.262392474691,304.80370641307
1.6274631598177,41.262365915409,304.80370641307
1.6163846737226,41.262338293771,304.80370641307
1.6053061971762,41.262309609781,304.80370641307
1.5942277305496,41.26227986344,304.80370641307
1.583149274196,41.26224905475,304.80370641307
1.5720277237806,41.27054481148,304.80370641307
1.5609478758532,41.27051187208,304.80370641307
1.5499139703852,41.262150254608,304.80370641307
1.5388355587367,41.262115196545,304.80370641307
1.5277571591617,41.262079076144,304.80370641307
1.5166787720255,41.262041893409,304.80370641307
1.5056003976886,41.262003648341,304.80370641307
1.4945220365095,41.261964340944,304.80370641307
1.483389278703,41.270251545404,304.80370641307
1.4944160231586,41.278619504021,304.80370641307
1.5054972111802,41.278658825787,304.80370641307
1.5165784123795,41.278697084835,304.80370641307
1.5276596263893,41.278734281163,304.80370641307
1.4943629874097,41.286947085491,304.80370641307
1.5053939492069,41.295314003061,304.80370641307
1.5164779793318,41.295352276099,304.80370641307
1.5275620222795,41.295389486028,304.80370641307
1.4832803987284,41.286906693628,304.80370641307
1.4721978239511,41.286865238857,304.80370641307
1.4611152634375,41.286822721184,304.80370641307
1.4500327175453,41.286779140609,304.80370641307
1.4500914100055,41.278451589834,304.80370641307
1.4612297990899,41.270167603649,304.80370641307
1.4502087305848,41.261796488116,304.80370641307
1.4502673587239,41.253468937173,304.80370641307
1.4613442510467,41.253512485903,304.80370641307
1.4724211579628,41.253554972509,304.80370641307
1.4835524495079,41.245268822709,304.80370641307
1.4836068000411,41.236941248382,304.80370641307
1.4725884443769,41.22857227222,304.80370641307
1.4615729042107,41.220202249777,304.80370641307
1.4505016571975,41.22015873285,304.80370641307
1.4394903562836,41.211786611494,304.80370641307
1.428359208287,41.220068514961,304.80370641307
1.4284205494884,41.21174098021,304.80370641307
1.4172880071085,41.220021814006,304.80370641307
1.406216821931,41.219974051715,304.80370641307
1.417413486637,41.203366761492,304.80370641307
1.406345120953,41.203319016636,304.80370641307
1.3952767716096,41.203270210835,304.80370641307
1.3841414822129,41.211547843652,304.80370641307
1.3730717571612,41.211496906674,304.80370641307
1.3731401233796,41.203169416411,304.80370641307
1.3842753712766,41.19489284446,304.80370641307
1.3620020495369,41.211444908568,304.80370641307
1.3509323596993,41.211391849337,304.80370641307
1.3399352825538,41.203010267774,304.80370641307
1.3288670387876,41.202955096377,304.80370641307
1.3177234004883,41.211226304932,304.80370641307
1.3066537853837,41.21116900124,304.80370641307
1.2955841898616,41.211110636442,304.80370641307
1.2845146142797,41.211051210543,304.80370641307
1.27352610993,41.202663325671,304.80370641307
1.2624579846661,41.202601788815,304.80370641307
1.2513898804083,41.202539191063,304.80370641307
1.2403217975171,41.202475532422,304.80370641307
1.2292537363501,41.202410812893,304.80370641307
1.218185697266,41.202345032483,304.80370641307
1.2072071548637,41.193950863495,304.80370641307
1.1961405697971,41.193882973727,304.80370641307
1.1850740078786,41.193814023284,304.80370641307
1.1740074694667,41.193744012172,304.80370641307
1.1629409549202,41.193672940395,304.80370641307
1.1518744645975,41.193600807958,304.80370641307
1.1407100721775,41.201854865318,304.80370641307
1.1297415580586,41.193453361127,304.80370641307
1.1186751425598,41.193378046742,304.80370641307
1.1076087527203,41.193301671718,304.80370641307
1.0966459124718,41.184897040807,304.80370641307
1.0855809831492,41.184818558843,304.80370641307
1.0746223815438,41.176411849851,304.80370641307
1.0635589136001,41.176331261738,304.80370641307
1.0524954730784,41.1762496134,304.80370641307
1.0414320603383,41.176166904842,304.80370641307
1.0303686757369,41.176083136072,304.80370641307
1.0193053196301,41.175998307094,304.80370641307
1.0083566967613,41.167585342227,304.80370641307
0.99729480569788,41.16749840871,304.80370641307
0.98635041962906,41.159083371198,304.80370641307
0.99752690135084,41.150844288399,304.80370641307
0.98658524197609,41.142429282529,304.80370641307
0.97552762812649,41.14234027773,304.80370641307
0.96447004449838,41.142250213528,304.80370641307
0.95353405301946,41.133832094509,304.80370641307
0.94247793574726,41.13373992832,304.80370641307
0.94260085732142,41.125412949461,304.80370641307
0.94272373408209,41.117085970357,304.80370641307
0.93179469145317,41.108665816581,304.80370641307
0.93191888142959,41.100338853962,304.80370641307
0.92099398813918,41.091917692387,304.80370641307
0.92111948935921,41.083590746423,304.80370641307
0.91019874167865,41.075168577973,304.80370641307
0.92137035465443,41.066936853729,304.80370641307
0.91045231648094,41.058514719435,304.80370641307
0.91057903462406,41.050187789776,304.80370641307
0.89966513533659,41.041764649882,304.80370641307
0.8886245965572,41.041667382863,304.80370641307
0.8887540197048,41.033340487886,304.80370641307
0.87784568652963,41.024915304352,304.80370641307
0.87797641306049,41.01658842671,304.80370641307
0.88901272468251,41.016686697116,304.80370641307
0.90017695389055,41.008456997587,304.80370641307
0.90030479212956,41.000130083848,304.80370641307
0.88940042919671,40.991706008925,304.80370641307
0.87836830729441,40.991607792119,304.80370641307
0.87849884366187,40.983280913367,304.80370641307
0.86760003432703,40.974854797739,304.80370641307
0.85670399999057,40.966427662606,304.80370641307
0.85683718199999,40.958100819274,304.80370641307
0.84594526651327,40.949672683317,304.80370641307
0.83492025152371,40.949570336081,304.80370641307
0.82403253499472,40.941140145816,304.80370641307
0.8130089821317,40.941035707773,304.80370641307
0.80212546331392,40.93260346473,304.80370641307
0.7911033734082,40.93249693667,304.80370641307
0.78008131930849,40.932389354128,304.80370641307
0.76920342492946,40.923954025089,304.80370641307
0.75818283529691,40.923844353525,304.80370641307
0.74730913626971,40.91540697535,304.80370641307
0.73629001192772,40.915295215552,304.80370641307
0.72542050699555,40.906855789768,304.80370641307
0.71440284876642,40.906741942527,304.80370641307
0.70338522874728,40.906627041431,304.80370641307
0.69252134537825,40.898184536766,304.80370641307
0.68150519297168,40.898067549223,304.80370641307
0.68166022487003,40.889741020347,304.80370641307
0.68181520046049,40.881414491079,304.80370641307
0.6819701197728,40.87308796142,304.80370641307
0.69313557971863,40.86487833403,304.80370641307
0.68227978966927,40.856434900927,304.80370641307
0.67127061954026,40.856316966786,304.80370641307
0.66041901370707,40.8478714921,304.80370641307
0.64941130995317,40.847751474382,304.80370641307
0.64957016413743,40.839425007871,304.80370641307
0.64972896067244,40.831098540948,304.80370641307
0.6388841940724,40.822651069262,304.80370641307
0.62804218034563,40.814202589327,304.80370641307
0.61704014105484,40.814079503518,304.80370641307
0.60620230458548,40.805628986706,304.80370641307
0.59520173232719,40.805503820227,304.80370641307
0.58420120187253,40.805377602275,304.80370641307
0.57336896743024,40.796924021701,304.80370641307
0.56236990548753,40.796795724076,304.80370641307
0.55154184590183,40.788340110248,304.80370641307
0.54054425327468,40.788209733739,304.80370641307
0.52972036727845,40.779752088177,304.80370641307
0.51872424476561,40.779619633574,304.80370641307
0.50790453109032,40.771159957796,304.80370641307
0.49690987949041,40.771025425888,304.80370641307
0.48609433686297,40.762563721413,304.80370641307
0.4751011569721,40.762427112989,304.80370641307
0.4642897841202,40.753963381336,304.80370641307
0.47546185236459,40.745774917002,304.80370641307
0.47564210203518,40.737448818211,304.80370641307
0.46483467357506,40.728985159676,304.80370641307
0.45384710651992,40.728846550811,304.80370641307
0.44304384200911,40.720380867681,304.80370641307
0.43205774660025,40.720240184994,304.80370641307
0.42125864476247,40.711772478784,304.80370641307
0.41027402178784,40.711629723064,304.80370641307
0.39947908134709,40.703159995289,304.80370641307
0.38849593159253,40.703015167325,304.80370641307
0.37770515127002,40.694543419499,304.80370641307
0.36672347552077,40.694396520081,304.80370641307
0.36691710410886,40.686070675191,304.80370641307
0.37808958502481,40.677891675992,304.80370641307
0.36730415102976,40.669418983571,304.80370641307
0.35652144702759,40.660945295565,304.80370641307
0.34554537365442,40.660796406251,304.80370641307
0.3457414718265,40.652470612528,304.80370641307
0.34593749904542,40.644144818175,304.80370641307
0.34613345534675,40.635819023192,304.80370641307
0.33535881315216,40.627343398558,304.80370641307
0.32438833515461,40.627192522275,304.80370641307
0.31361784016933,40.618714884241,304.80370641307
0.30285006823803,40.610236253551,304.80370641307
0.31401748940374,40.602063453276,304.80370641307
0.32498380052788,40.602215294528,304.80370641307
0.33575311669169,40.610691859554,304.80370641307
0.34672089909299,40.610841634465,304.80370641307
0.35749435933863,40.619316186213,304.80370641307
0.36827054345799,40.627789743789,304.80370641307
0.37924121784752,40.627936430959,304.80370641307
0.39002154872067,40.636407972819,304.80370641307
0.40099369271709,40.636552591495,304.80370641307
0.41177817162031,40.64502211613,304.80370641307
0.42275178444287,40.645164665524,304.80370641307
0.43354041264911,40.653632171424,304.80370641307
0.4445154935141,40.65377265075,304.80370641307
0.45530827229827,40.662238136404,304.80370641307
0.46610378170909,40.670702623606,304.80370641307
0.47708175105114,40.67084000877,304.80370641307
0.48805976564422,40.670976345597,304.80370641307
0.49921473683593,40.662785481419,304.80370641307
0.51019146517069,40.662919697282,304.80370641307
0.52116823769319,40.66305286497,304.80370641307
0.53197226959684,40.671511209356,304.80370641307
0.54312191391723,40.663316055786,304.80370641307
0.55426878824548,40.65511980634,304.80370641307
0.56541289368796,40.646922461599,304.80370641307
0.57655423134914,40.638724022146,304.80370641307
0.56574978072096,40.63026986754,304.80370641307
0.55494805876593,40.621814711382,304.80370641307
0.55511772285873,40.61348843646,304.80370641307
0.55528732559557,40.605162161066,304.80370641307
0.54449095262943,40.59670604986,304.80370641307
0.53369730400019,40.588248938556,304.80370641307
0.52290637852461,40.579790827705,304.80370641307
0.51194333612217,40.579657900323,304.80370641307
0.50115654683005,40.57119776837,304.80370641307
0.49037247813097,40.562736638353,304.80370641307
0.49054992921351,40.554410503395,304.80370641307
0.50168479236494,40.54621929045,304.80370641307
0.49090463907645,40.537758231927,304.80370641307
0.48012720225569,40.52929617641,304.80370641307
0.46917255142735,40.529159212277,304.80370641307
0.4583992422735,40.520695140082,304.80370641307
0.44762864703108,40.512230072372,304.80370641307
0.43667686657169,40.512090023426,304.80370641307
0.42591039635579,40.503622941469,304.80370641307
0.41514663749251,40.495154865473,304.80370641307
0.40438558880263,40.486685795988,304.80370641307
0.39343809173693,40.486541646213,304.80370641307
0.38268116405267,40.478070565835,304.80370641307
0.37192694398362,40.469598493444,304.80370641307
0.360982318817,40.469451264429,304.80370641307
0.35023221710657,40.46097718357,304.80370641307
0.33948482045417,40.45250211217,304.80370641307
0.32854306798098,40.452351806226,304.80370641307
0.31779978703815,40.443874728783,304.80370641307
0.30705920859342,40.435396662269,304.80370641307
0.2961203296005,40.435243281704,304.80370641307
0.29632133147106,40.426917607231,304.80370641307
0.30745841755416,40.418745257453,304.80370641307
0.30765791409609,40.41041955406,304.80370641307
0.30785733872535,40.40209385001,304.80370641307
0.3189888182688,40.393920345961,304.80370641307
0.31918674020349,40.385594613225,304.80370641307
0.30845518149208,40.377116733925,304.80370641307
0.29772631730165,40.368637867288,304.80370641307
0.28700014645749,40.360158013862,304.80370641307
0.27627666778813,40.351677174189,304.80370641307
0.26535153203645,40.351520946262,304.80370641307
0.25463215187377,40.343038108166,304.80370641307
0.24391546133581,40.334554285289,304.80370641307
0.23320145924911,40.326069478173,304.80370641307
0.54397802737364,40.621684805686,304.80370641307
0.30325231604312,40.593584876482,304.80370641307
0.29228747696882,40.593430969676,304.80370641307
0.28111885875179,40.601601649508,304.80370641307
0.29188248615171,40.610082291161,304.80370641307
0.27015275058974,40.601445621616,304.80370641307
0.27035795182115,40.593120016678,304.80370641307
0.2815264451273,40.58495038262,304.80370641307
1.4391904813511,41.253424326322,304.80370641307
1.4281136192924,41.253378653353,304.80370641307
1.6158590998325,41.378925390308,304.80370641307
1.6158214557119,41.38725303989,304.80370641307
1.615783797801,41.395580689449,304.80370641307
1.8600364644491,41.362633156716,304.80370641307
1.7931187206793,41.554122512239,304.80370641307
1.793103689577,41.562450219481,304.80370641307
1.8042470848521,41.554133204355,304.80370641307
1.6040161099364,41.537121870553,304.80370641307
1.6151035899016,41.545478377599,304.80370641307
1.6262668941273,41.537178517559,304.80370641307
1.6151793905179,41.528823079283,304.80370641307
1.6263398076683,41.520523208995,304.80370641307
1.6374273340138,41.528877578692,304.80370641307
1.6485849107539,41.52057556159,304.80370641307
1.6374973625735,41.512222260279,304.80370641307
1.6486520564394,41.503920233727,304.80370641307
1.6597396255552,41.512272466845,304.80370641307
1.5028585299107,39.912895545719,304.80370641307
1.5029084932679,39.904567957068,304.80370641307
1.5029584387433,39.896240368375,304.80370641307
1.5030083663564,39.88791277964,304.80370641307
1.4922075463729,39.879546012775,304.80370641307
1.5031081680105,39.871257602046,304.80370641307
1.5139575797295,39.871295742363,304.80370641307
1.5248070034703,39.871332851891,304.80370641307
1.5356564388975,39.871368930627,304.80370641307
1.5464613153105,39.87973159349,304.80370641307
1.5464167289873,39.888059208377,304.80370641307
1.5463721267061,39.896386823232,304.80370641307
1.5463275084629,39.904714438053,304.80370641307
1.5354267707491,39.913006973629,304.80370641307
1.524570678638,39.912970862703,304.80370641307
1.5136659497607,39.921261315488,304.80370641307
0.28941585399605,40.260250136663,304.80370641307
</coordinates>
		</LinearRing>
	 </outerBoundaryIs><innerBoundaryIs>
			<LinearRing>
				<coordinates>3.3814204708185,40.428829861115,304.80370641307
3.3812372352831,40.420503841833,304.80370641307
3.3810540658128,40.412177821997,304.80370641307
3.3699369036569,40.403991523047,304.80370641307
3.3590027994484,40.404130202207,304.80370641307
3.3480686500868,40.404267839078,304.80370641307
3.3373121181456,40.412730553489,304.80370641307
3.3265528845872,40.421192273867,304.80370641307
3.3267293136521,40.429518417073,304.80370641307
3.3378454893965,40.437708909879,304.80370641307
3.3489644088703,40.445898310074,304.80370641307
3.3597247214249,40.43743448094,304.80370641307
3.3706642697324,40.437295701907,304.80370641307
</coordinates>
			</LinearRing>
	 			</innerBoundaryIs><innerBoundaryIs>
			<LinearRing>
				<coordinates>2.6904898902279,41.218435071342,304.80370641307
2.6794192218069,41.218509365754,304.80370641307
2.6683485284013,41.218582598935,304.80370641307
2.6572778103725,41.21865477088,304.80370641307
2.6462070680817,41.218725881585,304.80370641307
2.6351363018854,41.218795931045,304.80370641307
2.6241564947637,41.227192234163,304.80370641307
2.6130842715202,41.22726017352,304.80370641307
2.6020120254374,41.227327051425,304.80370641307
2.5909397568745,41.22739286787,304.80370641307
2.579867466191,41.227457622853,304.80370641307
2.5687951537486,41.227521316369,304.80370641307
2.5577228199046,41.227583948413,304.80370641307
2.6352286948083,41.227123233356,304.80370641307
</coordinates>
			</LinearRing>
	 			</innerBoundaryIs><innerBoundaryIs>
			<LinearRing>
				<coordinates>2.6687352352799,41.251891651457,304.80370641307
2.6576588731026,41.251963876143,304.80370641307
2.6465824866079,41.252035038813,304.80370641307
2.635506076158,41.252105139462,304.80370641307
2.6244296421083,41.252174178085,304.80370641307
2.6133531848252,41.252242154678,304.80370641307
2.6022767046638,41.252309069235,304.80370641307
2.5912002019845,41.252374921753,304.80370641307
2.5801236771513,41.252439712226,304.80370641307
2.5690471305207,41.25250344065,304.80370641307
2.5579705624526,41.25256610702,304.80370641307
2.5468939733106,41.252627711333,304.80370641307
2.5358971797506,41.261015661883,304.80370641307
</coordinates>
			</LinearRing>
	 			</innerBoundaryIs><innerBoundaryIs>
			<LinearRing>
				<coordinates>2.4361270019466,41.253185340364,304.80370641307
</coordinates>
			</LinearRing>
	 			</innerBoundaryIs><innerBoundaryIs>
			<LinearRing>
				<coordinates>2.1041642139182,41.370808591253,304.80370641307
</coordinates>
			</LinearRing>
	 			</innerBoundaryIs><innerBoundaryIs>
			<LinearRing>
				<coordinates>2.0153613506778,41.354268182503,304.80370641307
</coordinates>
			</LinearRing>
	 			</innerBoundaryIs><innerBoundaryIs>
			<LinearRing>
				<coordinates>1.9377912009598,41.56250582873,304.80370641307
1.9377876221304,41.554178111273,304.80370641307
1.9377840445962,41.545850393816,304.80370641307
1.9377804683839,41.537522676359,304.80370641307
1.9377768934548,41.529194958901,304.80370641307
1.9377733198618,41.520867241444,304.80370641307
1.9488959798839,41.52086403616,304.80370641307
1.9489009829101,41.52919175303,304.80370641307
1.9489059877737,41.537519469898,304.80370641307
1.9489109944836,41.545847186767,304.80370641307
1.9489160030015,41.554174903635,304.80370641307
1.9489210134016,41.562502620503,304.80370641307
</coordinates>
			</LinearRing>
	 			</innerBoundaryIs><innerBoundaryIs>
			<LinearRing>
				<coordinates>1.9377661766335,41.504211806527,304.80370641307
1.9377626069862,41.495884089069,304.80370641307
1.9377590386508,41.48755637161,304.80370641307
1.9377554715753,41.479228654152,304.80370641307
</coordinates>
			</LinearRing>
	 			</innerBoundaryIs><innerBoundaryIs>
			<LinearRing>
				<coordinates>2.2948904272972,39.829694840147,304.80370641307
2.2948432973653,39.821367237686,304.80370641307
2.294796184277,39.813039635188,304.80370641307
2.2947490880195,39.804712032653,304.80370641307
2.3055394803098,39.796347380016,304.80370641307
2.3163769400721,39.796309300814,304.80370641307
2.3272143875431,39.796270192475,304.80370641307
2.3380518223955,39.796230055004,304.80370641307
2.3489429541893,39.80451645615,304.80370641307
2.3381566087335,39.812885205116,304.80370641307
2.3382090299929,39.821212780102,304.80370641307
2.3382614699921,39.829540355043,304.80370641307
2.3383139287393,39.837867929937,304.80370641307
2.327521007769,39.846235685181,304.80370641307
2.3166257760529,39.837947246358,304.80370641307
2.3057816810632,39.837985359492,304.80370641307
</coordinates>
			</LinearRing>
	 			</innerBoundaryIs><innerBoundaryIs>
			<LinearRing>
				<coordinates>2.3498169287881,41.594985164152,304.80370641307
2.3610102610498,41.60326991384,304.80370641307
2.3722064682549,41.611553577204,304.80370641307
</coordinates>
			</LinearRing>
	 			</innerBoundaryIs></Polygon></MultiGeometry></Placemark></Document></kml>